0 2
0.001 2.001
0.002 2.002
0.003 2.003
0.004 2.00401
0.005 2.00501
0.006 2.00602
0.007 2.00702
0.008 2.00803
0.009 2.00904
0.01 2.01005
0.011 2.01106
0.012 2.01207
0.013 2.01308
0.014 2.0141
0.015 2.01511
0.016 2.01613
0.017 2.01714
0.018 2.01816
0.019 2.01918
0.02 2.0202
0.021 2.02122
0.022 2.02224
0.023 2.02326
0.024 2.02429
0.025 2.02531
0.026 2.02634
0.027 2.02736
0.028 2.02839
0.029 2.02942
0.03 2.03045
0.031 2.03148
0.032 2.03251
0.033 2.03354
0.034 2.03458
0.035 2.03561
0.036 2.03665
0.037 2.03768
0.038 2.03872
0.039 2.03976
0.04 2.0408
0.041 2.04184
0.042 2.04288
0.043 2.04392
0.044 2.04497
0.045 2.04601
0.046 2.04706
0.047 2.0481
0.048 2.04915
0.049 2.0502
0.05 2.05125
0.051 2.0523
0.052 2.05335
0.053 2.0544
0.054 2.05546
0.055 2.05651
0.056 2.05757
0.057 2.05862
0.058 2.05968
0.059 2.06074
0.06 2.0618
0.061 2.06286
0.062 2.06392
0.063 2.06498
0.064 2.06605
0.065 2.06711
0.066 2.06818
0.067 2.06924
0.068 2.07031
0.069 2.07138
0.07 2.07245
0.071 2.07352
0.072 2.07459
0.073 2.07566
0.074 2.07674
0.075 2.07781
0.076 2.07889
0.077 2.07996
0.078 2.08104
0.079 2.08212
0.08 2.0832
0.081 2.08428
0.082 2.08536
0.083 2.08644
0.084 2.08753
0.085 2.08861
0.086 2.0897
0.087 2.09078
0.088 2.09187
0.089 2.09296
0.09 2.09405
0.091 2.09514
0.092 2.09623
0.093 2.09732
0.094 2.09842
0.095 2.09951
0.096 2.10061
0.097 2.1017
0.098 2.1028
0.099 2.1039
0.1 2.105
0.101 2.1061
0.102 2.1072
0.103 2.1083
0.104 2.10941
0.105 2.11051
0.106 2.11162
0.107 2.11272
0.108 2.11383
0.109 2.11494
0.11 2.11605
0.111 2.11716
0.112 2.11827
0.113 2.11938
0.114 2.1205
0.115 2.12161
0.116 2.12273
0.117 2.12384
0.118 2.12496
0.119 2.12608
0.12 2.1272
0.121 2.12832
0.122 2.12944
0.123 2.13056
0.124 2.13169
0.125 2.13281
0.126 2.13394
0.127 2.13506
0.128 2.13619
0.129 2.13732
0.13 2.13845
0.131 2.13958
0.132 2.14071
0.133 2.14184
0.134 2.14298
0.135 2.14411
0.136 2.14525
0.137 2.14638
0.138 2.14752
0.139 2.14866
0.14 2.1498
0.141 2.15094
0.142 2.15208
0.143 2.15322
0.144 2.15437
0.145 2.15551
0.146 2.15666
0.147 2.1578
0.148 2.15895
0.149 2.1601
0.15 2.16125
0.151 2.1624
0.152 2.16355
0.153 2.1647
0.154 2.16586
0.155 2.16701
0.156 2.16817
0.157 2.16932
0.158 2.17048
0.159 2.17164
0.16 2.1728
0.161 2.17396
0.162 2.17512
0.163 2.17628
0.164 2.17745
0.165 2.17861
0.166 2.17978
0.167 2.18094
0.168 2.18211
0.169 2.18328
0.17 2.18445
0.171 2.18562
0.172 2.18679
0.173 2.18796
0.174 2.18914
0.175 2.19031
0.176 2.19149
0.177 2.19266
0.178 2.19384
0.179 2.19502
0.18 2.1962
0.181 2.19738
0.182 2.19856
0.183 2.19974
0.184 2.20093
0.185 2.20211
0.186 2.2033
0.187 2.20448
0.188 2.20567
0.189 2.20686
0.19 2.20805
0.191 2.20924
0.192 2.21043
0.193 2.21162
0.194 2.21282
0.195 2.21401
0.196 2.21521
0.197 2.2164
0.198 2.2176
0.199 2.2188
0.2 2.22
0.201 2.2212
0.202 2.2224
0.203 2.2236
0.204 2.22481
0.205 2.22601
0.206 2.22722
0.207 2.22842
0.208 2.22963
0.209 2.23084
0.21 2.23205
0.211 2.23326
0.212 2.23447
0.213 2.23568
0.214 2.2369
0.215 2.23811
0.216 2.23933
0.217 2.24054
0.218 2.24176
0.219 2.24298
0.22 2.2442
0.221 2.24542
0.222 2.24664
0.223 2.24786
0.224 2.24909
0.225 2.25031
0.226 2.25154
0.227 2.25276
0.228 2.25399
0.229 2.25522
0.23 2.25645
0.231 2.25768
0.232 2.25891
0.233 2.26014
0.234 2.26138
0.235 2.26261
0.236 2.26385
0.237 2.26508
0.238 2.26632
0.239 2.26756
0.24 2.2688
0.241 2.27004
0.242 2.27128
0.243 2.27252
0.244 2.27377
0.245 2.27501
0.246 2.27626
0.247 2.2775
0.248 2.27875
0.249 2.28
0.25 2.28125
0.251 2.2825
0.252 2.28375
0.253 2.285
0.254 2.28626
0.255 2.28751
0.256 2.28877
0.257 2.29002
0.258 2.29128
0.259 2.29254
0.26 2.2938
0.261 2.29506
0.262 2.29632
0.263 2.29758
0.264 2.29885
0.265 2.30011
0.266 2.30138
0.267 2.30264
0.268 2.30391
0.269 2.30518
0.27 2.30645
0.271 2.30772
0.272 2.30899
0.273 2.31026
0.274 2.31154
0.275 2.31281
0.276 2.31409
0.277 2.31536
0.278 2.31664
0.279 2.31792
0.28 2.3192
0.281 2.32048
0.282 2.32176
0.283 2.32304
0.284 2.32433
0.285 2.32561
0.286 2.3269
0.287 2.32818
0.288 2.32947
0.289 2.33076
0.29 2.33205
0.291 2.33334
0.292 2.33463
0.293 2.33592
0.294 2.33722
0.295 2.33851
0.296 2.33981
0.297 2.3411
0.298 2.3424
0.299 2.3437
0.3 2.345
0.301 2.3463
0.302 2.3476
0.303 2.3489
0.304 2.35021
0.305 2.35151
0.306 2.35282
0.307 2.35412
0.308 2.35543
0.309 2.35674
0.31 2.35805
0.311 2.35936
0.312 2.36067
0.313 2.36198
0.314 2.3633
0.315 2.36461
0.316 2.36593
0.317 2.36724
0.318 2.36856
0.319 2.36988
0.32 2.3712
0.321 2.37252
0.322 2.37384
0.323 2.37516
0.324 2.37649
0.325 2.37781
0.326 2.37914
0.327 2.38046
0.328 2.38179
0.329 2.38312
0.33 2.38445
0.331 2.38578
0.332 2.38711
0.333 2.38844
0.334 2.38978
0.335 2.39111
0.336 2.39245
0.337 2.39378
0.338 2.39512
0.339 2.39646
0.34 2.3978
0.341 2.39914
0.342 2.40048
0.343 2.40182
0.344 2.40317
0.345 2.40451
0.346 2.40586
0.347 2.4072
0.348 2.40855
0.349 2.4099
0.35 2.41125
0.351 2.4126
0.352 2.41395
0.353 2.4153
0.354 2.41666
0.355 2.41801
0.356 2.41937
0.357 2.42072
0.358 2.42208
0.359 2.42344
0.36 2.4248
0.361 2.42616
0.362 2.42752
0.363 2.42888
0.364 2.43025
0.365 2.43161
0.366 2.43298
0.367 2.43434
0.368 2.43571
0.369 2.43708
0.37 2.43845
0.371 2.43982
0.372 2.44119
0.373 2.44256
0.374 2.44394
0.375 2.44531
0.376 2.44669
0.377 2.44806
0.378 2.44944
0.379 2.45082
0.38 2.4522
0.381 2.45358
0.382 2.45496
0.383 2.45634
0.384 2.45773
0.385 2.45911
0.386 2.4605
0.387 2.46188
0.388 2.46327
0.389 2.46466
0.39 2.46605
0.391 2.46744
0.392 2.46883
0.393 2.47022
0.394 2.47162
0.395 2.47301
0.396 2.47441
0.397 2.4758
0.398 2.4772
0.399 2.4786
0.4 2.48
0.401 2.4814
0.402 2.4828
0.403 2.4842
0.404 2.48561
0.405 2.48701
0.406 2.48842
0.407 2.48982
0.408 2.49123
0.409 2.49264
0.41 2.49405
0.411 2.49546
0.412 2.49687
0.413 2.49828
0.414 2.4997
0.415 2.50111
0.416 2.50253
0.417 2.50394
0.418 2.50536
0.419 2.50678
0.42 2.5082
0.421 2.50962
0.422 2.51104
0.423 2.51246
0.424 2.51389
0.425 2.51531
0.426 2.51674
0.427 2.51816
0.428 2.51959
0.429 2.52102
0.43 2.52245
0.431 2.52388
0.432 2.52531
0.433 2.52674
0.434 2.52818
0.435 2.52961
0.436 2.53105
0.437 2.53248
0.438 2.53392
0.439 2.53536
0.44 2.5368
0.441 2.53824
0.442 2.53968
0.443 2.54112
0.444 2.54257
0.445 2.54401
0.446 2.54546
0.447 2.5469
0.448 2.54835
0.449 2.5498
0.45 2.55125
0.451 2.5527
0.452 2.55415
0.453 2.5556
0.454 2.55706
0.455 2.55851
0.456 2.55997
0.457 2.56142
0.458 2.56288
0.459 2.56434
0.46 2.5658
0.461 2.56726
0.462 2.56872
0.463 2.57018
0.464 2.57165
0.465 2.57311
0.466 2.57458
0.467 2.57604
0.468 2.57751
0.469 2.57898
0.47 2.58045
0.471 2.58192
0.472 2.58339
0.473 2.58486
0.474 2.58634
0.475 2.58781
0.476 2.58929
0.477 2.59076
0.478 2.59224
0.479 2.59372
0.48 2.5952
0.481 2.59668
0.482 2.59816
0.483 2.59964
0.484 2.60113
0.485 2.60261
0.486 2.6041
0.487 2.60558
0.488 2.60707
0.489 2.60856
0.49 2.61005
0.491 2.61154
0.492 2.61303
0.493 2.61452
0.494 2.61602
0.495 2.61751
0.496 2.61901
0.497 2.6205
0.498 2.622
0.499 2.6235
0.5 2.625
0.501 2.6265
0.502 2.628
0.503 2.6295
0.504 2.63101
0.505 2.63251
0.506 2.63402
0.507 2.63552
0.508 2.63703
0.509 2.63854
0.51 2.64005
0.511 2.64156
0.512 2.64307
0.513 2.64458
0.514 2.6461
0.515 2.64761
0.516 2.64913
0.517 2.65064
0.518 2.65216
0.519 2.65368
0.52 2.6552
0.521 2.65672
0.522 2.65824
0.523 2.65976
0.524 2.66129
0.525 2.66281
0.526 2.66434
0.527 2.66586
0.528 2.66739
0.529 2.66892
0.53 2.67045
0.531 2.67198
0.532 2.67351
0.533 2.67504
0.534 2.67658
0.535 2.67811
0.536 2.67965
0.537 2.68118
0.538 2.68272
0.539 2.68426
0.54 2.6858
0.541 2.68734
0.542 2.68888
0.543 2.69042
0.544 2.69197
0.545 2.69351
0.546 2.69506
0.547 2.6966
0.548 2.69815
0.549 2.6997
0.55 2.70125
0.551 2.7028
0.552 2.70435
0.553 2.7059
0.554 2.70746
0.555 2.70901
0.556 2.71057
0.557 2.71212
0.558 2.71368
0.559 2.71524
0.56 2.7168
0.561 2.71836
0.562 2.71992
0.563 2.72148
0.564 2.72305
0.565 2.72461
0.566 2.72618
0.567 2.72774
0.568 2.72931
0.569 2.73088
0.57 2.73245
0.571 2.73402
0.572 2.73559
0.573 2.73716
0.574 2.73874
0.575 2.74031
0.576 2.74189
0.577 2.74346
0.578 2.74504
0.579 2.74662
0.58 2.7482
0.581 2.74978
0.582 2.75136
0.583 2.75294
0.584 2.75453
0.585 2.75611
0.586 2.7577
0.587 2.75928
0.588 2.76087
0.589 2.76246
0.59 2.76405
0.591 2.76564
0.592 2.76723
0.593 2.76882
0.594 2.77042
0.595 2.77201
0.596 2.77361
0.597 2.7752
0.598 2.7768
0.599 2.7784
0.6 2.78
0.601 2.7816
0.602 2.7832
0.603 2.7848
0.604 2.78641
0.605 2.78801
0.606 2.78962
0.607 2.79122
0.608 2.79283
0.609 2.79444
0.61 2.79605
0.611 2.79766
0.612 2.79927
0.613 2.80088
0.614 2.8025
0.615 2.80411
0.616 2.80573
0.617 2.80734
0.618 2.80896
0.619 2.81058
0.62 2.8122
0.621 2.81382
0.622 2.81544
0.623 2.81706
0.624 2.81869
0.625 2.82031
0.626 2.82194
0.627 2.82356
0.628 2.82519
0.629 2.82682
0.63 2.82845
0.631 2.83008
0.632 2.83171
0.633 2.83334
0.634 2.83498
0.635 2.83661
0.636 2.83825
0.637 2.83988
0.638 2.84152
0.639 2.84316
0.64 2.8448
0.641 2.84644
0.642 2.84808
0.643 2.84972
0.644 2.85137
0.645 2.85301
0.646 2.85466
0.647 2.8563
0.648 2.85795
0.649 2.8596
0.65 2.86125
0.651 2.8629
0.652 2.86455
0.653 2.8662
0.654 2.86786
0.655 2.86951
0.656 2.87117
0.657 2.87282
0.658 2.87448
0.659 2.87614
0.66 2.8778
0.661 2.87946
0.662 2.88112
0.663 2.88278
0.664 2.88445
0.665 2.88611
0.666 2.88778
0.667 2.88944
0.668 2.89111
0.669 2.89278
0.67 2.89445
0.671 2.89612
0.672 2.89779
0.673 2.89946
0.674 2.90114
0.675 2.90281
0.676 2.90449
0.677 2.90616
0.678 2.90784
0.679 2.90952
0.68 2.9112
0.681 2.91288
0.682 2.91456
0.683 2.91624
0.684 2.91793
0.685 2.91961
0.686 2.9213
0.687 2.92298
0.688 2.92467
0.689 2.92636
0.69 2.92805
0.691 2.92974
0.692 2.93143
0.693 2.93312
0.694 2.93482
0.695 2.93651
0.696 2.93821
0.697 2.9399
0.698 2.9416
0.699 2.9433
0.7 2.945
0.701 2.9467
0.702 2.9484
0.703 2.9501
0.704 2.95181
0.705 2.95351
0.706 2.95522
0.707 2.95692
0.708 2.95863
0.709 2.96034
0.71 2.96205
0.711 2.96376
0.712 2.96547
0.713 2.96718
0.714 2.9689
0.715 2.97061
0.716 2.97233
0.717 2.97404
0.718 2.97576
0.719 2.97748
0.72 2.9792
0.721 2.98092
0.722 2.98264
0.723 2.98436
0.724 2.98609
0.725 2.98781
0.726 2.98954
0.727 2.99126
0.728 2.99299
0.729 2.99472
0.73 2.99645
0.731 2.99818
0.732 2.99991
0.733 3.00164
0.734 3.00338
0.735 3.00511
0.736 3.00685
0.737 3.00858
0.738 3.01032
0.739 3.01206
0.74 3.0138
0.741 3.01554
0.742 3.01728
0.743 3.01902
0.744 3.02077
0.745 3.02251
0.746 3.02426
0.747 3.026
0.748 3.02775
0.749 3.0295
0.75 3.03125
0.751 3.033
0.752 3.03475
0.753 3.0365
0.754 3.03826
0.755 3.04001
0.756 3.04177
0.757 3.04352
0.758 3.04528
0.759 3.04704
0.76 3.0488
0.761 3.05056
0.762 3.05232
0.763 3.05408
0.764 3.05585
0.765 3.05761
0.766 3.05938
0.767 3.06114
0.768 3.06291
0.769 3.06468
0.77 3.06645
0.771 3.06822
0.772 3.06999
0.773 3.07176
0.774 3.07354
0.775 3.07531
0.776 3.07709
0.777 3.07886
0.778 3.08064
0.779 3.08242
0.78 3.0842
0.781 3.08598
0.782 3.08776
0.783 3.08954
0.784 3.09133
0.785 3.09311
0.786 3.0949
0.787 3.09668
0.788 3.09847
0.789 3.10026
0.79 3.10205
0.791 3.10384
0.792 3.10563
0.793 3.10742
0.794 3.10922
0.795 3.11101
0.796 3.11281
0.797 3.1146
0.798 3.1164
0.799 3.1182
0.8 3.12
0.801 3.1218
0.802 3.1236
0.803 3.1254
0.804 3.12721
0.805 3.12901
0.806 3.13082
0.807 3.13262
0.808 3.13443
0.809 3.13624
0.81 3.13805
0.811 3.13986
0.812 3.14167
0.813 3.14348
0.814 3.1453
0.815 3.14711
0.816 3.14893
0.817 3.15074
0.818 3.15256
0.819 3.15438
0.82 3.1562
0.821 3.15802
0.822 3.15984
0.823 3.16166
0.824 3.16349
0.825 3.16531
0.826 3.16714
0.827 3.16896
0.828 3.17079
0.829 3.17262
0.83 3.17445
0.831 3.17628
0.832 3.17811
0.833 3.17994
0.834 3.18178
0.835 3.18361
0.836 3.18545
0.837 3.18728
0.838 3.18912
0.839 3.19096
0.84 3.1928
0.841 3.19464
0.842 3.19648
0.843 3.19832
0.844 3.20017
0.845 3.20201
0.846 3.20386
0.847 3.2057
0.848 3.20755
0.849 3.2094
0.85 3.21125
0.851 3.2131
0.852 3.21495
0.853 3.2168
0.854 3.21866
0.855 3.22051
0.856 3.22237
0.857 3.22422
0.858 3.22608
0.859 3.22794
0.86 3.2298
0.861 3.23166
0.862 3.23352
0.863 3.23538
0.864 3.23725
0.865 3.23911
0.866 3.24098
0.867 3.24284
0.868 3.24471
0.869 3.24658
0.87 3.24845
0.871 3.25032
0.872 3.25219
0.873 3.25406
0.874 3.25594
0.875 3.25781
0.876 3.25969
0.877 3.26156
0.878 3.26344
0.879 3.26532
0.88 3.2672
0.881 3.26908
0.882 3.27096
0.883 3.27284
0.884 3.27473
0.885 3.27661
0.886 3.2785
0.887 3.28038
0.888 3.28227
0.889 3.28416
0.89 3.28605
0.891 3.28794
0.892 3.28983
0.893 3.29172
0.894 3.29362
0.895 3.29551
0.896 3.29741
0.897 3.2993
0.898 3.3012
0.899 3.3031
0.9 3.305
0.901 3.3069
0.902 3.3088
0.903 3.3107
0.904 3.31261
0.905 3.31451
0.906 3.31642
0.907 3.31832
0.908 3.32023
0.909 3.32214
0.91 3.32405
0.911 3.32596
0.912 3.32787
0.913 3.32978
0.914 3.3317
0.915 3.33361
0.916 3.33553
0.917 3.33744
0.918 3.33936
0.919 3.34128
0.92 3.3432
0.921 3.34512
0.922 3.34704
0.923 3.34896
0.924 3.35089
0.925 3.35281
0.926 3.35474
0.927 3.35666
0.928 3.35859
0.929 3.36052
0.93 3.36245
0.931 3.36438
0.932 3.36631
0.933 3.36824
0.934 3.37018
0.935 3.37211
0.936 3.37405
0.937 3.37598
0.938 3.37792
0.939 3.37986
0.94 3.3818
0.941 3.38374
0.942 3.38568
0.943 3.38762
0.944 3.38957
0.945 3.39151
0.946 3.39346
0.947 3.3954
0.948 3.39735
0.949 3.3993
0.95 3.40125
0.951 3.4032
0.952 3.40515
0.953 3.4071
0.954 3.40906
0.955 3.41101
0.956 3.41297
0.957 3.41492
0.958 3.41688
0.959 3.41884
0.96 3.4208
0.961 3.42276
0.962 3.42472
0.963 3.42668
0.964 3.42865
0.965 3.43061
0.966 3.43258
0.967 3.43454
0.968 3.43651
0.969 3.43848
0.97 3.44045
0.971 3.44242
0.972 3.44439
0.973 3.44636
0.974 3.44834
0.975 3.45031
0.976 3.45229
0.977 3.45426
0.978 3.45624
0.979 3.45822
0.98 3.4602
0.981 3.46218
0.982 3.46416
0.983 3.46614
0.984 3.46813
0.985 3.47011
0.986 3.4721
0.987 3.47408
0.988 3.47607
0.989 3.47806
0.99 3.48005
0.991 3.48204
0.992 3.48403
0.993 3.48602
0.994 3.48802
0.995 3.49001
0.996 3.49201
0.997 3.494
0.998 3.496
0.999 3.498
1 3.5
1.001 3.502
1.002 3.504
1.003 3.506
1.004 3.50801
1.005 3.51001
1.006 3.51202
1.007 3.51402
1.008 3.51603
1.009 3.51804
1.01 3.52005
1.011 3.52206
1.012 3.52407
1.013 3.52608
1.014 3.5281
1.015 3.53011
1.016 3.53213
1.017 3.53414
1.018 3.53616
1.019 3.53818
1.02 3.5402
1.021 3.54222
1.022 3.54424
1.023 3.54626
1.024 3.54829
1.025 3.55031
1.026 3.55234
1.027 3.55436
1.028 3.55639
1.029 3.55842
1.03 3.56045
1.031 3.56248
1.032 3.56451
1.033 3.56654
1.034 3.56858
1.035 3.57061
1.036 3.57265
1.037 3.57468
1.038 3.57672
1.039 3.57876
1.04 3.5808
1.041 3.58284
1.042 3.58488
1.043 3.58692
1.044 3.58897
1.045 3.59101
1.046 3.59306
1.047 3.5951
1.048 3.59715
1.049 3.5992
1.05 3.60125
1.051 3.6033
1.052 3.60535
1.053 3.6074
1.054 3.60946
1.055 3.61151
1.056 3.61357
1.057 3.61562
1.058 3.61768
1.059 3.61974
1.06 3.6218
1.061 3.62386
1.062 3.62592
1.063 3.62798
1.064 3.63005
1.065 3.63211
1.066 3.63418
1.067 3.63624
1.068 3.63831
1.069 3.64038
1.07 3.64245
1.071 3.64452
1.072 3.64659
1.073 3.64866
1.074 3.65074
1.075 3.65281
1.076 3.65489
1.077 3.65696
1.078 3.65904
1.079 3.66112
1.08 3.6632
1.081 3.66528
1.082 3.66736
1.083 3.66944
1.084 3.67153
1.085 3.67361
1.086 3.6757
1.087 3.67778
1.088 3.67987
1.089 3.68196
1.09 3.68405
1.091 3.68614
1.092 3.68823
1.093 3.69032
1.094 3.69242
1.095 3.69451
1.096 3.69661
1.097 3.6987
1.098 3.7008
1.099 3.7029
1.1 3.705
1.101 3.7071
1.102 3.7092
1.103 3.7113
1.104 3.71341
1.105 3.71551
1.106 3.71762
1.107 3.71972
1.108 3.72183
1.109 3.72394
1.11 3.72605
1.111 3.72816
1.112 3.73027
1.113 3.73238
1.114 3.7345
1.115 3.73661
1.116 3.73873
1.117 3.74084
1.118 3.74296
1.119 3.74508
1.12 3.7472
1.121 3.74932
1.122 3.75144
1.123 3.75356
1.124 3.75569
1.125 3.75781
1.126 3.75994
1.127 3.76206
1.128 3.76419
1.129 3.76632
1.13 3.76845
1.131 3.77058
1.132 3.77271
1.133 3.77484
1.134 3.77698
1.135 3.77911
1.136 3.78125
1.137 3.78338
1.138 3.78552
1.139 3.78766
1.14 3.7898
1.141 3.79194
1.142 3.79408
1.143 3.79622
1.144 3.79837
1.145 3.80051
1.146 3.80266
1.147 3.8048
1.148 3.80695
1.149 3.8091
1.15 3.81125
1.151 3.8134
1.152 3.81555
1.153 3.8177
1.154 3.81986
1.155 3.82201
1.156 3.82417
1.157 3.82632
1.158 3.82848
1.159 3.83064
1.16 3.8328
1.161 3.83496
1.162 3.83712
1.163 3.83928
1.164 3.84145
1.165 3.84361
1.166 3.84578
1.167 3.84794
1.168 3.85011
1.169 3.85228
1.17 3.85445
1.171 3.85662
1.172 3.85879
1.173 3.86096
1.174 3.86314
1.175 3.86531
1.176 3.86749
1.177 3.86966
1.178 3.87184
1.179 3.87402
1.18 3.8762
1.181 3.87838
1.182 3.88056
1.183 3.88274
1.184 3.88493
1.185 3.88711
1.186 3.8893
1.187 3.89148
1.188 3.89367
1.189 3.89586
1.19 3.89805
1.191 3.90024
1.192 3.90243
1.193 3.90462
1.194 3.90682
1.195 3.90901
1.196 3.91121
1.197 3.9134
1.198 3.9156
1.199 3.9178
1.2 3.92
1.201 3.9222
1.202 3.9244
1.203 3.9266
1.204 3.92881
1.205 3.93101
1.206 3.93322
1.207 3.93542
1.208 3.93763
1.209 3.93984
1.21 3.94205
1.211 3.94426
1.212 3.94647
1.213 3.94868
1.214 3.9509
1.215 3.95311
1.216 3.95533
1.217 3.95754
1.218 3.95976
1.219 3.96198
1.22 3.9642
1.221 3.96642
1.222 3.96864
1.223 3.97086
1.224 3.97309
1.225 3.97531
1.226 3.97754
1.227 3.97976
1.228 3.98199
1.229 3.98422
1.23 3.98645
1.231 3.98868
1.232 3.99091
1.233 3.99314
1.234 3.99538
1.235 3.99761
1.236 3.99985
1.237 4.00208
1.238 4.00432
1.239 4.00656
1.24 4.0088
1.241 4.01104
1.242 4.01328
1.243 4.01552
1.244 4.01777
1.245 4.02001
1.246 4.02226
1.247 4.0245
1.248 4.02675
1.249 4.029
1.25 4.03125
1.251 4.0335
1.252 4.03575
1.253 4.038
1.254 4.04026
1.255 4.04251
1.256 4.04477
1.257 4.04702
1.258 4.04928
1.259 4.05154
1.26 4.0538
1.261 4.05606
1.262 4.05832
1.263 4.06058
1.264 4.06285
1.265 4.06511
1.266 4.06738
1.267 4.06964
1.268 4.07191
1.269 4.07418
1.27 4.07645
1.271 4.07872
1.272 4.08099
1.273 4.08326
1.274 4.08554
1.275 4.08781
1.276 4.09009
1.277 4.09236
1.278 4.09464
1.279 4.09692
1.28 4.0992
1.281 4.10148
1.282 4.10376
1.283 4.10604
1.284 4.10833
1.285 4.11061
1.286 4.1129
1.287 4.11518
1.288 4.11747
1.289 4.11976
1.29 4.12205
1.291 4.12434
1.292 4.12663
1.293 4.12892
1.294 4.13122
1.295 4.13351
1.296 4.13581
1.297 4.1381
1.298 4.1404
1.299 4.1427
1.3 4.145
1.301 4.1473
1.302 4.1496
1.303 4.1519
1.304 4.15421
1.305 4.15651
1.306 4.15882
1.307 4.16112
1.308 4.16343
1.309 4.16574
1.31 4.16805
1.311 4.17036
1.312 4.17267
1.313 4.17498
1.314 4.1773
1.315 4.17961
1.316 4.18193
1.317 4.18424
1.318 4.18656
1.319 4.18888
1.32 4.1912
1.321 4.19352
1.322 4.19584
1.323 4.19816
1.324 4.20049
1.325 4.20281
1.326 4.20514
1.327 4.20746
1.328 4.20979
1.329 4.21212
1.33 4.21445
1.331 4.21678
1.332 4.21911
1.333 4.22144
1.334 4.22378
1.335 4.22611
1.336 4.22845
1.337 4.23078
1.338 4.23312
1.339 4.23546
1.34 4.2378
1.341 4.24014
1.342 4.24248
1.343 4.24482
1.344 4.24717
1.345 4.24951
1.346 4.25186
1.347 4.2542
1.348 4.25655
1.349 4.2589
1.35 4.26125
1.351 4.2636
1.352 4.26595
1.353 4.2683
1.354 4.27066
1.355 4.27301
1.356 4.27537
1.357 4.27772
1.358 4.28008
1.359 4.28244
1.36 4.2848
1.361 4.28716
1.362 4.28952
1.363 4.29188
1.364 4.29425
1.365 4.29661
1.366 4.29898
1.367 4.30134
1.368 4.30371
1.369 4.30608
1.37 4.30845
1.371 4.31082
1.372 4.31319
1.373 4.31556
1.374 4.31794
1.375 4.32031
1.376 4.32269
1.377 4.32506
1.378 4.32744
1.379 4.32982
1.38 4.3322
1.381 4.33458
1.382 4.33696
1.383 4.33934
1.384 4.34173
1.385 4.34411
1.386 4.3465
1.387 4.34888
1.388 4.35127
1.389 4.35366
1.39 4.35605
1.391 4.35844
1.392 4.36083
1.393 4.36322
1.394 4.36562
1.395 4.36801
1.396 4.37041
1.397 4.3728
1.398 4.3752
1.399 4.3776
1.4 4.38
1.401 4.3824
1.402 4.3848
1.403 4.3872
1.404 4.38961
1.405 4.39201
1.406 4.39442
1.407 4.39682
1.408 4.39923
1.409 4.40164
1.41 4.40405
1.411 4.40646
1.412 4.40887
1.413 4.41128
1.414 4.4137
1.415 4.41611
1.416 4.41853
1.417 4.42094
1.418 4.42336
1.419 4.42578
1.42 4.4282
1.421 4.43062
1.422 4.43304
1.423 4.43546
1.424 4.43789
1.425 4.44031
1.426 4.44274
1.427 4.44516
1.428 4.44759
1.429 4.45002
1.43 4.45245
1.431 4.45488
1.432 4.45731
1.433 4.45974
1.434 4.46218
1.435 4.46461
1.436 4.46705
1.437 4.46948
1.438 4.47192
1.439 4.47436
1.44 4.4768
1.441 4.47924
1.442 4.48168
1.443 4.48412
1.444 4.48657
1.445 4.48901
1.446 4.49146
1.447 4.4939
1.448 4.49635
1.449 4.4988
1.45 4.50125
1.451 4.5037
1.452 4.50615
1.453 4.5086
1.454 4.51106
1.455 4.51351
1.456 4.51597
1.457 4.51842
1.458 4.52088
1.459 4.52334
1.46 4.5258
1.461 4.52826
1.462 4.53072
1.463 4.53318
1.464 4.53565
1.465 4.53811
1.466 4.54058
1.467 4.54304
1.468 4.54551
1.469 4.54798
1.47 4.55045
1.471 4.55292
1.472 4.55539
1.473 4.55786
1.474 4.56034
1.475 4.56281
1.476 4.56529
1.477 4.56776
1.478 4.57024
1.479 4.57272
1.48 4.5752
1.481 4.57768
1.482 4.58016
1.483 4.58264
1.484 4.58513
1.485 4.58761
1.486 4.5901
1.487 4.59258
1.488 4.59507
1.489 4.59756
1.49 4.60005
1.491 4.60254
1.492 4.60503
1.493 4.60752
1.494 4.61002
1.495 4.61251
1.496 4.61501
1.497 4.6175
1.498 4.62
1.499 4.6225
1.5 4.625
1.501 4.6275
1.502 4.63
1.503 4.6325
1.504 4.63501
1.505 4.63751
1.506 4.64002
1.507 4.64252
1.508 4.64503
1.509 4.64754
1.51 4.65005
1.511 4.65256
1.512 4.65507
1.513 4.65758
1.514 4.6601
1.515 4.66261
1.516 4.66513
1.517 4.66764
1.518 4.67016
1.519 4.67268
1.52 4.6752
1.521 4.67772
1.522 4.68024
1.523 4.68276
1.524 4.68529
1.525 4.68781
1.526 4.69034
1.527 4.69286
1.528 4.69539
1.529 4.69792
1.53 4.70045
1.531 4.70298
1.532 4.70551
1.533 4.70804
1.534 4.71058
1.535 4.71311
1.536 4.71565
1.537 4.71818
1.538 4.72072
1.539 4.72326
1.54 4.7258
1.541 4.72834
1.542 4.73088
1.543 4.73342
1.544 4.73597
1.545 4.73851
1.546 4.74106
1.547 4.7436
1.548 4.74615
1.549 4.7487
1.55 4.75125
1.551 4.7538
1.552 4.75635
1.553 4.7589
1.554 4.76146
1.555 4.76401
1.556 4.76657
1.557 4.76912
1.558 4.77168
1.559 4.77424
1.56 4.7768
1.561 4.77936
1.562 4.78192
1.563 4.78448
1.564 4.78705
1.565 4.78961
1.566 4.79218
1.567 4.79474
1.568 4.79731
1.569 4.79988
1.57 4.80245
1.571 4.80502
1.572 4.80759
1.573 4.81016
1.574 4.81274
1.575 4.81531
1.576 4.81789
1.577 4.82046
1.578 4.82304
1.579 4.82562
1.58 4.8282
1.581 4.83078
1.582 4.83336
1.583 4.83594
1.584 4.83853
1.585 4.84111
1.586 4.8437
1.587 4.84628
1.588 4.84887
1.589 4.85146
1.59 4.85405
1.591 4.85664
1.592 4.85923
1.593 4.86182
1.594 4.86442
1.595 4.86701
1.596 4.86961
1.597 4.8722
1.598 4.8748
1.599 4.8774
1.6 4.88
1.601 4.8826
1.602 4.8852
1.603 4.8878
1.604 4.89041
1.605 4.89301
1.606 4.89562
1.607 4.89822
1.608 4.90083
1.609 4.90344
1.61 4.90605
1.611 4.90866
1.612 4.91127
1.613 4.91388
1.614 4.9165
1.615 4.91911
1.616 4.92173
1.617 4.92434
1.618 4.92696
1.619 4.92958
1.62 4.9322
1.621 4.93482
1.622 4.93744
1.623 4.94006
1.624 4.94269
1.625 4.94531
1.626 4.94794
1.627 4.95056
1.628 4.95319
1.629 4.95582
1.63 4.95845
1.631 4.96108
1.632 4.96371
1.633 4.96634
1.634 4.96898
1.635 4.97161
1.636 4.97425
1.637 4.97688
1.638 4.97952
1.639 4.98216
1.64 4.9848
1.641 4.98744
1.642 4.99008
1.643 4.99272
1.644 4.99537
1.645 4.99801
1.646 5.00066
1.647 5.0033
1.648 5.00595
1.649 5.0086
1.65 5.01125
1.651 5.0139
1.652 5.01655
1.653 5.0192
1.654 5.02186
1.655 5.02451
1.656 5.02717
1.657 5.02982
1.658 5.03248
1.659 5.03514
1.66 5.0378
1.661 5.04046
1.662 5.04312
1.663 5.04578
1.664 5.04845
1.665 5.05111
1.666 5.05378
1.667 5.05644
1.668 5.05911
1.669 5.06178
1.67 5.06445
1.671 5.06712
1.672 5.06979
1.673 5.07246
1.674 5.07514
1.675 5.07781
1.676 5.08049
1.677 5.08316
1.678 5.08584
1.679 5.08852
1.68 5.0912
1.681 5.09388
1.682 5.09656
1.683 5.09924
1.684 5.10193
1.685 5.10461
1.686 5.1073
1.687 5.10998
1.688 5.11267
1.689 5.11536
1.69 5.11805
1.691 5.12074
1.692 5.12343
1.693 5.12612
1.694 5.12882
1.695 5.13151
1.696 5.13421
1.697 5.1369
1.698 5.1396
1.699 5.1423
1.7 5.145
1.701 5.1477
1.702 5.1504
1.703 5.1531
1.704 5.15581
1.705 5.15851
1.706 5.16122
1.707 5.16392
1.708 5.16663
1.709 5.16934
1.71 5.17205
1.711 5.17476
1.712 5.17747
1.713 5.18018
1.714 5.1829
1.715 5.18561
1.716 5.18833
1.717 5.19104
1.718 5.19376
1.719 5.19648
1.72 5.1992
1.721 5.20192
1.722 5.20464
1.723 5.20736
1.724 5.21009
1.725 5.21281
1.726 5.21554
1.727 5.21826
1.728 5.22099
1.729 5.22372
1.73 5.22645
1.731 5.22918
1.732 5.23191
1.733 5.23464
1.734 5.23738
1.735 5.24011
1.736 5.24285
1.737 5.24558
1.738 5.24832
1.739 5.25106
1.74 5.2538
1.741 5.25654
1.742 5.25928
1.743 5.26202
1.744 5.26477
1.745 5.26751
1.746 5.27026
1.747 5.273
1.748 5.27575
1.749 5.2785
1.75 5.28125
1.751 5.284
1.752 5.28675
1.753 5.2895
1.754 5.29226
1.755 5.29501
1.756 5.29777
1.757 5.30052
1.758 5.30328
1.759 5.30604
1.76 5.3088
1.761 5.31156
1.762 5.31432
1.763 5.31708
1.764 5.31985
1.765 5.32261
1.766 5.32538
1.767 5.32814
1.768 5.33091
1.769 5.33368
1.77 5.33645
1.771 5.33922
1.772 5.34199
1.773 5.34476
1.774 5.34754
1.775 5.35031
1.776 5.35309
1.777 5.35586
1.778 5.35864
1.779 5.36142
1.78 5.3642
1.781 5.36698
1.782 5.36976
1.783 5.37254
1.784 5.37533
1.785 5.37811
1.786 5.3809
1.787 5.38368
1.788 5.38647
1.789 5.38926
1.79 5.39205
1.791 5.39484
1.792 5.39763
1.793 5.40042
1.794 5.40322
1.795 5.40601
1.796 5.40881
1.797 5.4116
1.798 5.4144
1.799 5.4172
1.8 5.42
1.801 5.4228
1.802 5.4256
1.803 5.4284
1.804 5.43121
1.805 5.43401
1.806 5.43682
1.807 5.43962
1.808 5.44243
1.809 5.44524
1.81 5.44805
1.811 5.45086
1.812 5.45367
1.813 5.45648
1.814 5.4593
1.815 5.46211
1.816 5.46493
1.817 5.46774
1.818 5.47056
1.819 5.47338
1.82 5.4762
1.821 5.47902
1.822 5.48184
1.823 5.48466
1.824 5.48749
1.825 5.49031
1.826 5.49314
1.827 5.49596
1.828 5.49879
1.829 5.50162
1.83 5.50445
1.831 5.50728
1.832 5.51011
1.833 5.51294
1.834 5.51578
1.835 5.51861
1.836 5.52145
1.837 5.52428
1.838 5.52712
1.839 5.52996
1.84 5.5328
1.841 5.53564
1.842 5.53848
1.843 5.54132
1.844 5.54417
1.845 5.54701
1.846 5.54986
1.847 5.5527
1.848 5.55555
1.849 5.5584
1.85 5.56125
1.851 5.5641
1.852 5.56695
1.853 5.5698
1.854 5.57266
1.855 5.57551
1.856 5.57837
1.857 5.58122
1.858 5.58408
1.859 5.58694
1.86 5.5898
1.861 5.59266
1.862 5.59552
1.863 5.59838
1.864 5.60125
1.865 5.60411
1.866 5.60698
1.867 5.60984
1.868 5.61271
1.869 5.61558
1.87 5.61845
1.871 5.62132
1.872 5.62419
1.873 5.62706
1.874 5.62994
1.875 5.63281
1.876 5.63569
1.877 5.63856
1.878 5.64144
1.879 5.64432
1.88 5.6472
1.881 5.65008
1.882 5.65296
1.883 5.65584
1.884 5.65873
1.885 5.66161
1.886 5.6645
1.887 5.66738
1.888 5.67027
1.889 5.67316
1.89 5.67605
1.891 5.67894
1.892 5.68183
1.893 5.68472
1.894 5.68762
1.895 5.69051
1.896 5.69341
1.897 5.6963
1.898 5.6992
1.899 5.7021
1.9 5.705
1.901 5.7079
1.902 5.7108
1.903 5.7137
1.904 5.71661
1.905 5.71951
1.906 5.72242
1.907 5.72532
1.908 5.72823
1.909 5.73114
1.91 5.73405
1.911 5.73696
1.912 5.73987
1.913 5.74278
1.914 5.7457
1.915 5.74861
1.916 5.75153
1.917 5.75444
1.918 5.75736
1.919 5.76028
1.92 5.7632
1.921 5.76612
1.922 5.76904
1.923 5.77196
1.924 5.77489
1.925 5.77781
1.926 5.78074
1.927 5.78366
1.928 5.78659
1.929 5.78952
1.93 5.79245
1.931 5.79538
1.932 5.79831
1.933 5.80124
1.934 5.80418
1.935 5.80711
1.936 5.81005
1.937 5.81298
1.938 5.81592
1.939 5.81886
1.94 5.8218
1.941 5.82474
1.942 5.82768
1.943 5.83062
1.944 5.83357
1.945 5.83651
1.946 5.83946
1.947 5.8424
1.948 5.84535
1.949 5.8483
1.95 5.85125
1.951 5.8542
1.952 5.85715
1.953 5.8601
1.954 5.86306
1.955 5.86601
1.956 5.86897
1.957 5.87192
1.958 5.87488
1.959 5.87784
1.96 5.8808
1.961 5.88376
1.962 5.88672
1.963 5.88968
1.964 5.89265
1.965 5.89561
1.966 5.89858
1.967 5.90154
1.968 5.90451
1.969 5.90748
1.97 5.91045
1.971 5.91342
1.972 5.91639
1.973 5.91936
1.974 5.92234
1.975 5.92531
1.976 5.92829
1.977 5.93126
1.978 5.93424
1.979 5.93722
1.98 5.9402
1.981 5.94318
1.982 5.94616
1.983 5.94914
1.984 5.95213
1.985 5.95511
1.986 5.9581
1.987 5.96108
1.988 5.96407
1.989 5.96706
1.99 5.97005
1.991 5.97304
1.992 5.97603
1.993 5.97902
1.994 5.98202
1.995 5.98501
1.996 5.98801
1.997 5.991
1.998 5.994
1.999 5.997
2 6
2.001 6.003
2.002 6.006
2.003 6.009
2.004 6.01201
2.005 6.01501
2.006 6.01802
2.007 6.02102
2.008 6.02403
2.009 6.02704
2.01 6.03005
2.011 6.03306
2.012 6.03607
2.013 6.03908
2.014 6.0421
2.015 6.04511
2.016 6.04813
2.017 6.05114
2.018 6.05416
2.019 6.05718
2.02 6.0602
2.021 6.06322
2.022 6.06624
2.023 6.06926
2.024 6.07229
2.025 6.07531
2.026 6.07834
2.027 6.08136
2.028 6.08439
2.029 6.08742
2.03 6.09045
2.031 6.09348
2.032 6.09651
2.033 6.09954
2.034 6.10258
2.035 6.10561
2.036 6.10865
2.037 6.11168
2.038 6.11472
2.039 6.11776
2.04 6.1208
2.041 6.12384
2.042 6.12688
2.043 6.12992
2.044 6.13297
2.045 6.13601
2.046 6.13906
2.047 6.1421
2.048 6.14515
2.049 6.1482
2.05 6.15125
2.051 6.1543
2.052 6.15735
2.053 6.1604
2.054 6.16346
2.055 6.16651
2.056 6.16957
2.057 6.17262
2.058 6.17568
2.059 6.17874
2.06 6.1818
2.061 6.18486
2.062 6.18792
2.063 6.19098
2.064 6.19405
2.065 6.19711
2.066 6.20018
2.067 6.20324
2.068 6.20631
2.069 6.20938
2.07 6.21245
2.071 6.21552
2.072 6.21859
2.073 6.22166
2.074 6.22474
2.075 6.22781
2.076 6.23089
2.077 6.23396
2.078 6.23704
2.079 6.24012
2.08 6.2432
2.081 6.24628
2.082 6.24936
2.083 6.25244
2.084 6.25553
2.085 6.25861
2.086 6.2617
2.087 6.26478
2.088 6.26787
2.089 6.27096
2.09 6.27405
2.091 6.27714
2.092 6.28023
2.093 6.28332
2.094 6.28642
2.095 6.28951
2.096 6.29261
2.097 6.2957
2.098 6.2988
2.099 6.3019
2.1 6.305
2.101 6.3081
2.102 6.3112
2.103 6.3143
2.104 6.31741
2.105 6.32051
2.106 6.32362
2.107 6.32672
2.108 6.32983
2.109 6.33294
2.11 6.33605
2.111 6.33916
2.112 6.34227
2.113 6.34538
2.114 6.3485
2.115 6.35161
2.116 6.35473
2.117 6.35784
2.118 6.36096
2.119 6.36408
2.12 6.3672
2.121 6.37032
2.122 6.37344
2.123 6.37656
2.124 6.37969
2.125 6.38281
2.126 6.38594
2.127 6.38906
2.128 6.39219
2.129 6.39532
2.13 6.39845
2.131 6.40158
2.132 6.40471
2.133 6.40784
2.134 6.41098
2.135 6.41411
2.136 6.41725
2.137 6.42038
2.138 6.42352
2.139 6.42666
2.14 6.4298
2.141 6.43294
2.142 6.43608
2.143 6.43922
2.144 6.44237
2.145 6.44551
2.146 6.44866
2.147 6.4518
2.148 6.45495
2.149 6.4581
2.15 6.46125
2.151 6.4644
2.152 6.46755
2.153 6.4707
2.154 6.47386
2.155 6.47701
2.156 6.48017
2.157 6.48332
2.158 6.48648
2.159 6.48964
2.16 6.4928
2.161 6.49596
2.162 6.49912
2.163 6.50228
2.164 6.50545
2.165 6.50861
2.166 6.51178
2.167 6.51494
2.168 6.51811
2.169 6.52128
2.17 6.52445
2.171 6.52762
2.172 6.53079
2.173 6.53396
2.174 6.53714
2.175 6.54031
2.176 6.54349
2.177 6.54666
2.178 6.54984
2.179 6.55302
2.18 6.5562
2.181 6.55938
2.182 6.56256
2.183 6.56574
2.184 6.56893
2.185 6.57211
2.186 6.5753
2.187 6.57848
2.188 6.58167
2.189 6.58486
2.19 6.58805
2.191 6.59124
2.192 6.59443
2.193 6.59762
2.194 6.60082
2.195 6.60401
2.196 6.60721
2.197 6.6104
2.198 6.6136
2.199 6.6168
2.2 6.62
2.201 6.6232
2.202 6.6264
2.203 6.6296
2.204 6.63281
2.205 6.63601
2.206 6.63922
2.207 6.64242
2.208 6.64563
2.209 6.64884
2.21 6.65205
2.211 6.65526
2.212 6.65847
2.213 6.66168
2.214 6.6649
2.215 6.66811
2.216 6.67133
2.217 6.67454
2.218 6.67776
2.219 6.68098
2.22 6.6842
2.221 6.68742
2.222 6.69064
2.223 6.69386
2.224 6.69709
2.225 6.70031
2.226 6.70354
2.227 6.70676
2.228 6.70999
2.229 6.71322
2.23 6.71645
2.231 6.71968
2.232 6.72291
2.233 6.72614
2.234 6.72938
2.235 6.73261
2.236 6.73585
2.237 6.73908
2.238 6.74232
2.239 6.74556
2.24 6.7488
2.241 6.75204
2.242 6.75528
2.243 6.75852
2.244 6.76177
2.245 6.76501
2.246 6.76826
2.247 6.7715
2.248 6.77475
2.249 6.778
2.25 6.78125
2.251 6.7845
2.252 6.78775
2.253 6.791
2.254 6.79426
2.255 6.79751
2.256 6.80077
2.257 6.80402
2.258 6.80728
2.259 6.81054
2.26 6.8138
2.261 6.81706
2.262 6.82032
2.263 6.82358
2.264 6.82685
2.265 6.83011
2.266 6.83338
2.267 6.83664
2.268 6.83991
2.269 6.84318
2.27 6.84645
2.271 6.84972
2.272 6.85299
2.273 6.85626
2.274 6.85954
2.275 6.86281
2.276 6.86609
2.277 6.86936
2.278 6.87264
2.279 6.87592
2.28 6.8792
2.281 6.88248
2.282 6.88576
2.283 6.88904
2.284 6.89233
2.285 6.89561
2.286 6.8989
2.287 6.90218
2.288 6.90547
2.289 6.90876
2.29 6.91205
2.291 6.91534
2.292 6.91863
2.293 6.92192
2.294 6.92522
2.295 6.92851
2.296 6.93181
2.297 6.9351
2.298 6.9384
2.299 6.9417
2.3 6.945
2.301 6.9483
2.302 6.9516
2.303 6.9549
2.304 6.95821
2.305 6.96151
2.306 6.96482
2.307 6.96812
2.308 6.97143
2.309 6.97474
2.31 6.97805
2.311 6.98136
2.312 6.98467
2.313 6.98798
2.314 6.9913
2.315 6.99461
2.316 6.99793
2.317 7.00124
2.318 7.00456
2.319 7.00788
2.32 7.0112
2.321 7.01452
2.322 7.01784
2.323 7.02116
2.324 7.02449
2.325 7.02781
2.326 7.03114
2.327 7.03446
2.328 7.03779
2.329 7.04112
2.33 7.04445
2.331 7.04778
2.332 7.05111
2.333 7.05444
2.334 7.05778
2.335 7.06111
2.336 7.06445
2.337 7.06778
2.338 7.07112
2.339 7.07446
2.34 7.0778
2.341 7.08114
2.342 7.08448
2.343 7.08782
2.344 7.09117
2.345 7.09451
2.346 7.09786
2.347 7.1012
2.348 7.10455
2.349 7.1079
2.35 7.11125
2.351 7.1146
2.352 7.11795
2.353 7.1213
2.354 7.12466
2.355 7.12801
2.356 7.13137
2.357 7.13472
2.358 7.13808
2.359 7.14144
2.36 7.1448
2.361 7.14816
2.362 7.15152
2.363 7.15488
2.364 7.15825
2.365 7.16161
2.366 7.16498
2.367 7.16834
2.368 7.17171
2.369 7.17508
2.37 7.17845
2.371 7.18182
2.372 7.18519
2.373 7.18856
2.374 7.19194
2.375 7.19531
2.376 7.19869
2.377 7.20206
2.378 7.20544
2.379 7.20882
2.38 7.2122
2.381 7.21558
2.382 7.21896
2.383 7.22234
2.384 7.22573
2.385 7.22911
2.386 7.2325
2.387 7.23588
2.388 7.23927
2.389 7.24266
2.39 7.24605
2.391 7.24944
2.392 7.25283
2.393 7.25622
2.394 7.25962
2.395 7.26301
2.396 7.26641
2.397 7.2698
2.398 7.2732
2.399 7.2766
2.4 7.28
2.401 7.2834
2.402 7.2868
2.403 7.2902
2.404 7.29361
2.405 7.29701
2.406 7.30042
2.407 7.30382
2.408 7.30723
2.409 7.31064
2.41 7.31405
2.411 7.31746
2.412 7.32087
2.413 7.32428
2.414 7.3277
2.415 7.33111
2.416 7.33453
2.417 7.33794
2.418 7.34136
2.419 7.34478
2.42 7.3482
2.421 7.35162
2.422 7.35504
2.423 7.35846
2.424 7.36189
2.425 7.36531
2.426 7.36874
2.427 7.37216
2.428 7.37559
2.429 7.37902
2.43 7.38245
2.431 7.38588
2.432 7.38931
2.433 7.39274
2.434 7.39618
2.435 7.39961
2.436 7.40305
2.437 7.40648
2.438 7.40992
2.439 7.41336
2.44 7.4168
2.441 7.42024
2.442 7.42368
2.443 7.42712
2.444 7.43057
2.445 7.43401
2.446 7.43746
2.447 7.4409
2.448 7.44435
2.449 7.4478
2.45 7.45125
2.451 7.4547
2.452 7.45815
2.453 7.4616
2.454 7.46506
2.455 7.46851
2.456 7.47197
2.457 7.47542
2.458 7.47888
2.459 7.48234
2.46 7.4858
2.461 7.48926
2.462 7.49272
2.463 7.49618
2.464 7.49965
2.465 7.50311
2.466 7.50658
2.467 7.51004
2.468 7.51351
2.469 7.51698
2.47 7.52045
2.471 7.52392
2.472 7.52739
2.473 7.53086
2.474 7.53434
2.475 7.53781
2.476 7.54129
2.477 7.54476
2.478 7.54824
2.479 7.55172
2.48 7.5552
2.481 7.55868
2.482 7.56216
2.483 7.56564
2.484 7.56913
2.485 7.57261
2.486 7.5761
2.487 7.57958
2.488 7.58307
2.489 7.58656
2.49 7.59005
2.491 7.59354
2.492 7.59703
2.493 7.60052
2.494 7.60402
2.495 7.60751
2.496 7.61101
2.497 7.6145
2.498 7.618
2.499 7.6215
2.5 7.625
2.501 7.6285
2.502 7.632
2.503 7.6355
2.504 7.63901
2.505 7.64251
2.506 7.64602
2.507 7.64952
2.508 7.65303
2.509 7.65654
2.51 7.66005
2.511 7.66356
2.512 7.66707
2.513 7.67058
2.514 7.6741
2.515 7.67761
2.516 7.68113
2.517 7.68464
2.518 7.68816
2.519 7.69168
2.52 7.6952
2.521 7.69872
2.522 7.70224
2.523 7.70576
2.524 7.70929
2.525 7.71281
2.526 7.71634
2.527 7.71986
2.528 7.72339
2.529 7.72692
2.53 7.73045
2.531 7.73398
2.532 7.73751
2.533 7.74104
2.534 7.74458
2.535 7.74811
2.536 7.75165
2.537 7.75518
2.538 7.75872
2.539 7.76226
2.54 7.7658
2.541 7.76934
2.542 7.77288
2.543 7.77642
2.544 7.77997
2.545 7.78351
2.546 7.78706
2.547 7.7906
2.548 7.79415
2.549 7.7977
2.55 7.80125
2.551 7.8048
2.552 7.80835
2.553 7.8119
2.554 7.81546
2.555 7.81901
2.556 7.82257
2.557 7.82612
2.558 7.82968
2.559 7.83324
2.56 7.8368
2.561 7.84036
2.562 7.84392
2.563 7.84748
2.564 7.85105
2.565 7.85461
2.566 7.85818
2.567 7.86174
2.568 7.86531
2.569 7.86888
2.57 7.87245
2.571 7.87602
2.572 7.87959
2.573 7.88316
2.574 7.88674
2.575 7.89031
2.576 7.89389
2.577 7.89746
2.578 7.90104
2.579 7.90462
2.58 7.9082
2.581 7.91178
2.582 7.91536
2.583 7.91894
2.584 7.92253
2.585 7.92611
2.586 7.9297
2.587 7.93328
2.588 7.93687
2.589 7.94046
2.59 7.94405
2.591 7.94764
2.592 7.95123
2.593 7.95482
2.594 7.95842
2.595 7.96201
2.596 7.96561
2.597 7.9692
2.598 7.9728
2.599 7.9764
2.6 7.98
2.601 7.9836
2.602 7.9872
2.603 7.9908
2.604 7.99441
2.605 7.99801
2.606 8.00162
2.607 8.00522
2.608 8.00883
2.609 8.01244
2.61 8.01605
2.611 8.01966
2.612 8.02327
2.613 8.02688
2.614 8.0305
2.615 8.03411
2.616 8.03773
2.617 8.04134
2.618 8.04496
2.619 8.04858
2.62 8.0522
2.621 8.05582
2.622 8.05944
2.623 8.06306
2.624 8.06669
2.625 8.07031
2.626 8.07394
2.627 8.07756
2.628 8.08119
2.629 8.08482
2.63 8.08845
2.631 8.09208
2.632 8.09571
2.633 8.09934
2.634 8.10298
2.635 8.10661
2.636 8.11025
2.637 8.11388
2.638 8.11752
2.639 8.12116
2.64 8.1248
2.641 8.12844
2.642 8.13208
2.643 8.13572
2.644 8.13937
2.645 8.14301
2.646 8.14666
2.647 8.1503
2.648 8.15395
2.649 8.1576
2.65 8.16125
2.651 8.1649
2.652 8.16855
2.653 8.1722
2.654 8.17586
2.655 8.17951
2.656 8.18317
2.657 8.18682
2.658 8.19048
2.659 8.19414
2.66 8.1978
2.661 8.20146
2.662 8.20512
2.663 8.20878
2.664 8.21245
2.665 8.21611
2.666 8.21978
2.667 8.22344
2.668 8.22711
2.669 8.23078
2.67 8.23445
2.671 8.23812
2.672 8.24179
2.673 8.24546
2.674 8.24914
2.675 8.25281
2.676 8.25649
2.677 8.26016
2.678 8.26384
2.679 8.26752
2.68 8.2712
2.681 8.27488
2.682 8.27856
2.683 8.28224
2.684 8.28593
2.685 8.28961
2.686 8.2933
2.687 8.29698
2.688 8.30067
2.689 8.30436
2.69 8.30805
2.691 8.31174
2.692 8.31543
2.693 8.31912
2.694 8.32282
2.695 8.32651
2.696 8.33021
2.697 8.3339
2.698 8.3376
2.699 8.3413
2.7 8.345
2.701 8.3487
2.702 8.3524
2.703 8.3561
2.704 8.35981
2.705 8.36351
2.706 8.36722
2.707 8.37092
2.708 8.37463
2.709 8.37834
2.71 8.38205
2.711 8.38576
2.712 8.38947
2.713 8.39318
2.714 8.3969
2.715 8.40061
2.716 8.40433
2.717 8.40804
2.718 8.41176
2.719 8.41548
2.72 8.4192
2.721 8.42292
2.722 8.42664
2.723 8.43036
2.724 8.43409
2.725 8.43781
2.726 8.44154
2.727 8.44526
2.728 8.44899
2.729 8.45272
2.73 8.45645
2.731 8.46018
2.732 8.46391
2.733 8.46764
2.734 8.47138
2.735 8.47511
2.736 8.47885
2.737 8.48258
2.738 8.48632
2.739 8.49006
2.74 8.4938
2.741 8.49754
2.742 8.50128
2.743 8.50502
2.744 8.50877
2.745 8.51251
2.746 8.51626
2.747 8.52
2.748 8.52375
2.749 8.5275
2.75 8.53125
2.751 8.535
2.752 8.53875
2.753 8.5425
2.754 8.54626
2.755 8.55001
2.756 8.55377
2.757 8.55752
2.758 8.56128
2.759 8.56504
2.76 8.5688
2.761 8.57256
2.762 8.57632
2.763 8.58008
2.764 8.58385
2.765 8.58761
2.766 8.59138
2.767 8.59514
2.768 8.59891
2.769 8.60268
2.77 8.60645
2.771 8.61022
2.772 8.61399
2.773 8.61776
2.774 8.62154
2.775 8.62531
2.776 8.62909
2.777 8.63286
2.778 8.63664
2.779 8.64042
2.78 8.6442
2.781 8.64798
2.782 8.65176
2.783 8.65554
2.784 8.65933
2.785 8.66311
2.786 8.6669
2.787 8.67068
2.788 8.67447
2.789 8.67826
2.79 8.68205
2.791 8.68584
2.792 8.68963
2.793 8.69342
2.794 8.69722
2.795 8.70101
2.796 8.70481
2.797 8.7086
2.798 8.7124
2.799 8.7162
2.8 8.72
2.801 8.7238
2.802 8.7276
2.803 8.7314
2.804 8.73521
2.805 8.73901
2.806 8.74282
2.807 8.74662
2.808 8.75043
2.809 8.75424
2.81 8.75805
2.811 8.76186
2.812 8.76567
2.813 8.76948
2.814 8.7733
2.815 8.77711
2.816 8.78093
2.817 8.78474
2.818 8.78856
2.819 8.79238
2.82 8.7962
2.821 8.80002
2.822 8.80384
2.823 8.80766
2.824 8.81149
2.825 8.81531
2.826 8.81914
2.827 8.82296
2.828 8.82679
2.829 8.83062
2.83 8.83445
2.831 8.83828
2.832 8.84211
2.833 8.84594
2.834 8.84978
2.835 8.85361
2.836 8.85745
2.837 8.86128
2.838 8.86512
2.839 8.86896
2.84 8.8728
2.841 8.87664
2.842 8.88048
2.843 8.88432
2.844 8.88817
2.845 8.89201
2.846 8.89586
2.847 8.8997
2.848 8.90355
2.849 8.9074
2.85 8.91125
2.851 8.9151
2.852 8.91895
2.853 8.9228
2.854 8.92666
2.855 8.93051
2.856 8.93437
2.857 8.93822
2.858 8.94208
2.859 8.94594
2.86 8.9498
2.861 8.95366
2.862 8.95752
2.863 8.96138
2.864 8.96525
2.865 8.96911
2.866 8.97298
2.867 8.97684
2.868 8.98071
2.869 8.98458
2.87 8.98845
2.871 8.99232
2.872 8.99619
2.873 9.00006
2.874 9.00394
2.875 9.00781
2.876 9.01169
2.877 9.01556
2.878 9.01944
2.879 9.02332
2.88 9.0272
2.881 9.03108
2.882 9.03496
2.883 9.03884
2.884 9.04273
2.885 9.04661
2.886 9.0505
2.887 9.05438
2.888 9.05827
2.889 9.06216
2.89 9.06605
2.891 9.06994
2.892 9.07383
2.893 9.07772
2.894 9.08162
2.895 9.08551
2.896 9.08941
2.897 9.0933
2.898 9.0972
2.899 9.1011
2.9 9.105
2.901 9.1089
2.902 9.1128
2.903 9.1167
2.904 9.12061
2.905 9.12451
2.906 9.12842
2.907 9.13232
2.908 9.13623
2.909 9.14014
2.91 9.14405
2.911 9.14796
2.912 9.15187
2.913 9.15578
2.914 9.1597
2.915 9.16361
2.916 9.16753
2.917 9.17144
2.918 9.17536
2.919 9.17928
2.92 9.1832
2.921 9.18712
2.922 9.19104
2.923 9.19496
2.924 9.19889
2.925 9.20281
2.926 9.20674
2.927 9.21066
2.928 9.21459
2.929 9.21852
2.93 9.22245
2.931 9.22638
2.932 9.23031
2.933 9.23424
2.934 9.23818
2.935 9.24211
2.936 9.24605
2.937 9.24998
2.938 9.25392
2.939 9.25786
2.94 9.2618
2.941 9.26574
2.942 9.26968
2.943 9.27362
2.944 9.27757
2.945 9.28151
2.946 9.28546
2.947 9.2894
2.948 9.29335
2.949 9.2973
2.95 9.30125
2.951 9.3052
2.952 9.30915
2.953 9.3131
2.954 9.31706
2.955 9.32101
2.956 9.32497
2.957 9.32892
2.958 9.33288
2.959 9.33684
2.96 9.3408
2.961 9.34476
2.962 9.34872
2.963 9.35268
2.964 9.35665
2.965 9.36061
2.966 9.36458
2.967 9.36854
2.968 9.37251
2.969 9.37648
2.97 9.38045
2.971 9.38442
2.972 9.38839
2.973 9.39236
2.974 9.39634
2.975 9.40031
2.976 9.40429
2.977 9.40826
2.978 9.41224
2.979 9.41622
2.98 9.4202
2.981 9.42418
2.982 9.42816
2.983 9.43214
2.984 9.43613
2.985 9.44011
2.986 9.4441
2.987 9.44808
2.988 9.45207
2.989 9.45606
2.99 9.46005
2.991 9.46404
2.992 9.46803
2.993 9.47202
2.994 9.47602
2.995 9.48001
2.996 9.48401
2.997 9.488
2.998 9.492
2.999 9.496
3 9.5
